,Water,Ear,Jewelry,Coat,Lecture,Clothing,Pianist,Vegetation,Closet,Party,Outdoors,Dungeon,Lighting,Architecture,Monitor,Child,Tie,Overcoat,Wood,Bed,Gown,Shoe,Woman,Grass,Fashion,Arm,Footwear,Hand,Pedestrian,Glasses,Jacket,Pottery,Speech,Blazer,Photography,Housing,Piano,Pillow,Floor,Court,Theater,Audience,Tuxedo,Shirt,Cushion,Pc,Jaw,Electronics,Kid,Table,Beverage,Teen,Vigil,Nature,Sunglasses,Performer,Building,Apparel,Hair,Town,Sitting,Mammal,Screen,Tree,Musician,Halo,Book,Restaurant,Finger,Accessory,Hat,Automobile,Skin,Blossom,Head,Clinic,Computer,Art,Pub,Transportation,Room,Plant,Sleeve,Desk,Stage,Animal,Flooring,Furniture,Couch,Prison,Flower,Vehicle,Smile,Door,Robe,Accessories,Food,Person,Shorts,City,Window,Shop,Hug,Worker,Painting,Drink,Text,Road,Glass,Human,Girl,Sport,Chair,Wine,Dress,School,Face,Suit,Crowd,Cafe,Plywood,Meal,Symbol,Photo,Light,Machine,Banister,Blonde,Car,Cafeteria,Female,Display,Portrait,Alcohol,Dating,Military,Dance,Man,Crypt,Wheel,Pants,Shelf,Path,Driving,Helmet,Sports,Lamp,Club,People,Street
Water,1.0,-0.0003071214751048651,-0.0002553929529962308,-0.003577376590290141,-0.0002682136429470968,-0.0036187470943665253,-0.0002709544253166832,0.0025426557271701375,-0.0003030511980623674,-0.0002691344188801684,0.017305536051748838,-0.000582991595994008,0.00013908738390773186,0.002368252511197063,-0.000909092433896001,-7.936079397905058e-05,-0.0016273765893145644,-0.0035849757566439665,-0.000845104167851817,-0.0004797543244089239,-0.0008576857446051712,-0.0001772620165796103,-0.0005603696557929826,0.0015376953951788553,-0.0011746448965325369,-9.733625014016477e-05,-0.0001809177440771103,-0.0002326048537294661,0.00027932833547401686,-0.0003770703426400666,-0.0007432470773565351,-4.126735837179876e-05,-0.0004057697603447973,-0.00045277093112525054,0.0012972280503354408,0.0012309087403728105,-0.00039627555316243114,-0.00040926161580818695,-0.00034264900956853297,-0.0016036467010506616,-0.0003871112064720046,-0.0012380921092960957,-0.00044242197376297365,-0.0005990343596246192,-0.0009463605395319134,-0.00030501441600120407,-0.00033183704177350585,-0.001834810033565941,-7.936079397905058e-05,-0.0017272067083888803,-0.0009434260706886785,-0.00048379838515361486,-0.000475726641654571,0.0156706117591508,0.00035681903846303877,-0.00152128262259922,0.00435057871467164,-0.0036187470943665253,-0.0027042180421207613,0.0012606303337824847,-0.0006920659329526763,0.0010349549190906897,-0.0010575287088685366,0.0028747218921685437,-0.000707485178056672,-0.00016758421732743694,-0.0002365919920736979,-0.001177580324814631,-0.0019303440249204024,-0.0020836769278481256,0.00024729418198152437,-0.00066097589546557,4.2309652525575597e-05,-9.495525389855981e-05,-0.0021977363281777736,-0.00033633883935835706,-0.00045665325520231713,9.217914929535989e-05,-0.002791449756622166,0.004682511277808932,-0.005612036315999939,0.0034840538774544142,-0.0002621489609136308,-0.00045870585581831206,-0.00018806831445999572,0.003822569869444345,-0.0004377409252001374,-0.004036726867732682,-0.000700534391135374,-0.00028164320153123103,-9.495525389855981e-05,0.004588266456158148,-0.0001412228966468162,-0.0011678228628619759,-0.0009220213088195517,-0.002083668575440838,-0.0012304929610240036,-0.004789369901919267,0.0015441564191908796,0.0012606303337824847,-0.0003223883497555851,-0.00032906575675150745,6.532096757997876e-05,-0.0004017161493703052,0.00017525949375185525,-0.0009434260706886785,-0.0006875066885971282,0.0008574987055667558,-0.0007419643036659069,-0.004789369901919267,-0.00019773878605938602,0.0025615983403838413,-0.000615506103252687,-0.00027532524203057493,6.749529737022273e-06,-0.0002783469493281232,-0.0044703255953694124,-0.0026972194151178544,-0.0029197871610955103,-0.0003470373077504555,-0.0005253760330636946,-0.000360528257014022,8.11748962994382e-05,0.0012972280503354408,0.0006879924890239139,-0.00032443933051897324,0.00026737391622666317,-0.0003761221765726456,-0.00066097589546557,-0.00039356183914616137,-0.000703020208040403,-0.000909092433896001,-0.0003099755063162321,-0.0006747454030412465,-0.0006282619631818212,0.0005412980782519928,-0.0002650193506805487,-0.002687698207849936,-0.0004814113883599767,-0.00027989716008143046,0.0005600598732812369,-0.0006423174687799286,0.0015508023611434112,-0.0003416072915700915,-0.0001605875269149654,0.0025615983403838413,-0.0013344201921536827,-0.0003304799295300335,0.0007917546776040748,0.00022399534634902368
Ear,-0.0003071214751048651,1.0,0.0009432582217804977,-0.0022762075584919048,-0.00013449936647282274,-0.002521919600332924,-4.326930307613871e-05,-0.00021211379980414475,-0.00013312289250716602,-0.00015789036678615776,-0.0006402086642355741,-0.0004306227043894674,-0.00042241830653668523,-0.0005233201601461656,-0.0003733571229830314,0.0008075651913461503,-0.00029581736548421405,-0.001736886230325825,-0.0006973280330641393,-0.0002570629504291127,-0.0005369273235326119,-0.00022099199336285784,0.0009280733364694924,-0.0002583971244575463,-0.0007836473026368931,4.753479308411049e-06,-0.0002572354349030423,3.782464204563161e-06,-0.00043794676149087517,0.0002861423791099674,-0.0008647769379001786,-0.00016567655163656565,-0.00013663477527269715,-0.00036860190586023576,0.0026251508022371757,-0.00046225521069853085,-8.793702223862927e-05,-0.00010350922366862979,-0.0002149835355535736,0.00012796348298185528,-1.2440883286016983e-05,-7.252255354108644e-05,-0.000213595657550033,-0.00042582767793432265,-0.00029480002768821447,-0.0001685528981657429,0.002776840580384408,-0.0007113902460009062,0.0008075651913461503,-0.0011146831416202535,-0.0001876940182953319,0.0007060568966067196,2.4013281532837057e-05,-0.0007830716580182569,-0.00013854394445346252,0.00013970171949742192,-0.0014445393825077819,-0.002521919600332924,0.005053774848373347,-0.00039686608310594964,-0.000749488273999158,-0.00017343778123624128,-0.00047481720764186745,-0.00036092751285759757,-0.0003276481853453309,-0.00010104141801408839,-0.0001484423836459479,-0.0005277436092157619,0.004240172646317469,0.000981699950299235,-0.0003925806928599825,-0.0006579456155818168,0.0021089181094421107,-0.00015941731422225905,0.009362799804916486,-0.00017212733929699973,-0.00025338410463728045,-0.0005401842081142607,7.327895447267643e-05,-0.0011799458023787016,-0.0013025070079106613,-0.000588686151977707,-0.0005465831919805484,-0.00026059286178883417,-0.00018220521028479363,1.6248660931819864e-05,-0.0002684079429695951,-0.002814069956056687,-0.0003587274772402215,-0.0001782983722988699,-0.00015941731422225905,-0.001163910250038161,0.000675357664520931,-0.0006796506387620635,-0.0005964761243975183,0.0009817046953394175,-0.0005212933470326107,0.000981321103811274,-0.00022717828882288485,-0.00039686608310594964,-0.0001835077700647937,-0.00021574583088389745,0.0007843196714850337,-0.00022654795422120646,-0.00018739628424457047,-0.0001876940182953319,-0.00041286074760645995,-0.0004467170629517654,-0.00021212348177228178,0.000981321103811274,0.0006484274566233607,-0.0003246215887227563,-0.0007306522101608944,-0.00018417976202566956,-0.0002526335636630291,-0.0001542791953832593,0.00794626649190459,-0.0011847574541872033,0.0005550472946798416,-0.00016564333635528739,-0.0003057820817290386,-0.0002738756689102718,-0.000159066738215304,0.0026251508022371757,-0.00012864359819173742,-0.0003427474532846795,-0.00011233630422917502,0.0003844190436665974,-0.0006579456155818168,-0.00025009909718060497,0.00155107422269529,-0.0003733571229830314,0.0025700644371168964,-0.0002865198400698112,0.0015470083894537747,-0.00024767621294546145,-0.0001523365806558895,0.0024850033894403788,-0.0003751936188523978,-0.00021702286860620848,-0.00045225576178297105,-0.0002497074335735286,-0.0002241670402699344,-0.00020228311077166199,-0.00016110174542873464,-0.0003246215887227563,-0.0007313455803876283,-0.0001823286944941249,-0.00131013934698604,-0.00022322092531058696
Jewelry,-0.0002553929529962308,0.0009432582217804977,1.0,-0.001254283467373047,-0.0001432102982261336,0.0015512865535260694,-0.00012712829711333443,-0.00014476531121694004,-0.0001337023718061137,0.00014182613128289754,-0.0007884913676111855,-0.0003689164856892813,-0.0003828995026064677,-0.000514845501651344,-0.00046415356515828066,0.0011438788758166894,-7.780382963721102e-05,-0.0009594637497853567,-0.0007130217641543083,-0.0002708451815171139,0.0017980555850490606,-0.00021670651984251796,0.003893790815510002,-0.00017049910390055492,0.0019476872567543012,-7.658906675414234e-05,-0.0002508304864021762,0.0003701022048820286,-0.0004606722078010831,0.0003706975726114862,-0.0005476220060773769,0.00019523221403173728,-0.000183733776466457,-0.00020833039399644496,0.0013878772576384145,-0.0004628761654323078,-0.00017497067989937794,-0.00014189020359394074,-0.00022025302801844011,0.0001532530942203274,-0.00023351725019415422,-0.00029842620274678786,4.277660883514106e-05,-0.0003536126257775921,-0.00028983671836331254,-0.00015798863054601576,0.0003570797275954147,-0.0008993855747168487,0.0011438788758166894,-0.0009368292336779846,-4.059499936405681e-05,0.0011742080846848762,-4.367566319545007e-05,-0.0008267394003078962,0.00013118867926607141,-2.320129329686177e-05,-0.0014139432282278285,0.0015512865535260694,0.002794450680751959,-0.0003953025549722647,-0.0004989483083895933,-0.00021043735629518523,-0.0005770978207725737,-0.00021214409642321202,-0.0003976766733903054,-0.00020228641505449133,-0.00013233119591103833,-0.0004530952503657595,0.002189066470002016,0.012010372211723736,0.00012123792691580957,-0.0006541507190177207,0.0003067440821667764,0.0007216175920277064,0.002334540332720558,-0.00020213237480858596,-0.0002173789292823025,-3.639118343899553e-05,0.00021709564081361316,-0.0011453140279559172,-0.0011230757935546628,0.0006443127637119411,-2.6034621908736398e-05,-0.0002507409498457855,-0.00014487161212231676,-0.0003713394070719294,-0.00027673633648642344,-0.0020215303764056763,-0.00016932596578036351,-0.00017990287659016248,0.0007216175920277064,-0.0011296624375115194,0.0006977796897680434,-0.0005337763546047365,0.0017933797985163458,0.012010377134998137,-0.0001324406231110356,0.000951437899691078,-0.00021992917877996696,-0.0003953025549722647,-0.00012768288979832977,-0.00018131210456841528,0.0001936188833949619,-0.00016902195896754407,-0.00014219109911874745,-4.059499936405681e-05,-0.0002274569864996391,-0.00044315494691969713,9.277358538508436e-05,0.000951437899691078,0.002282317410660842,-0.0003468164793665112,-0.0005341365086406189,-0.00010325150978075651,0.0004939862101717435,-0.00015769006141443207,0.004666541357482605,-0.0003769378837412446,-0.00015608433912780864,-0.00018982460862104948,-0.00037738634293064336,-0.00018370382364631425,-9.235521665840285e-05,0.0013878772576384145,-0.0001756701433008963,-0.00033013776312768245,-0.00015752784392033354,0.0009509380801404926,-0.0006541507190177207,-0.00022990607239499667,0.005492300516943993,-0.00046415356515828066,0.0016418396733963293,-0.00013419757989992698,0.0007884498455574683,-0.00026183041884810773,5.034494435926168e-05,-0.001657471695716183,-0.00035532448660301625,-0.0002046007738391601,-0.00043386022466582717,-0.0003094182947321666,-0.0002040389381288093,-0.0002084488545593095,-7.535648758348211e-05,-0.0003468164793665112,-0.0005997673389315915,0.0003194660024382938,-0.00017838286442095229,-0.00022388974312790438
Coat,-0.003577376590290141,-0.0022762075584919048,-0.001254283467373047,1.0,0.003882989574118413,0.0951846318822763,0.0016744988833467265,-0.0012918445412316965,-0.0010211369930639789,0.00044579467983559993,-0.006519204481115613,0.0009939054325550905,-0.001928529458379213,-0.0027790701165326063,-0.003049606076440694,-0.0014838127651759982,0.04264559712166639,0.1378829450394444,-0.001251363082846249,-0.004313933664940604,0.010140047587139362,0.0010742489338765445,-0.001461885149474356,-0.0005811978974940108,0.01624014162891283,-0.0036310338390026513,0.0015185044708241058,-0.0021528212874493175,0.008487975738171626,0.002133140502642345,0.06304634081090968,-0.0004888962422479413,0.006055101349598986,0.02261885034663082,-0.003210858618842974,-0.005232205853500083,0.0019873035960088744,-0.003928918128786995,-0.0001977514677500166,0.01943271321763838,0.0011570081817000527,0.014179900273586288,0.015420768412944565,0.006248534284886717,-0.006218138806223485,-0.0011385219932323666,-0.0015363248202861198,-0.004645223860021842,-0.0014838127651759982,0.0009085226385332698,0.0007022755635559732,-0.000805234851631224,0.00373070126356955,-0.006751179082287725,0.0014499129697836746,0.009933770061294749,-0.0069058164049537775,0.0951846318822763,0.0019985407823090093,-0.0014506648121506331,0.005741535705731764,-0.0027800538754446024,-0.002385823828708838,-0.0007573569646871989,0.002269403603355558,-0.0022699562861421977,-0.0007443491516855158,-0.0017557229136171762,-0.0095194073360175,0.043459347058117784,0.006652465543150894,-0.0037706179755777544,-0.004645916965541855,0.0016932944940445654,-0.002961358787419703,-0.0005694531476186423,-0.0018296536530383102,-0.002343142523887681,0.014229967092733983,-0.006668422325807118,0.025291766303222163,-0.000249044599825575,0.00969610687381672,-0.0002916905190655551,0.0005664943245270175,-0.005091374566953175,-0.0007805267425086285,-0.003237985133589312,-0.0029838662220370493,0.0019258395121235813,0.0016932944940445654,-0.0067792985887000085,-0.002386480020433777,0.005678233759883777,0.012010144761120584,0.04345943666650908,-0.0039247013049620895,0.018492120417134272,-0.002151837081291208,-0.0014506648121506331,-0.001773590693800222,-0.0002148856481889597,-0.0012990265652185087,-0.0007364325596593843,-0.0018336676731373009,0.0007022755635559732,-0.0011018900451309722,-0.0007668837005370341,0.0023449521441525397,0.018492120417134272,-0.004042853577488377,-0.004697764092375193,-0.0013687823472824032,0.0011789155160942658,0.0019466196581386479,0.00114246864128867,0.01290206605908388,0.09592037554269406,0.03279426217776729,-0.0012097013828029106,-0.0009729251244690994,-0.0013724312487414362,-0.0008324992830074439,-0.003210858618842974,-0.003293962479637924,-0.0022019245099236225,0.000587844084226458,7.908901016632098e-05,-0.0037706179755777544,-0.001628988226295743,-0.0007754216079475379,-0.003049606076440694,-0.005598041905254279,0.0006289853073855548,0.008274423432005403,0.003988247217415164,-0.0005866985157048838,0.031782663886723794,0.0013882155395434368,-0.001196523313193529,0.00698057547591382,-0.0023663637052450445,0.000472951838321075,-0.0019188286576874401,0.00019122798020910874,-0.004697764092375193,-0.002157158709540665,-0.0003905427822369573,0.01728614922879885,-0.0004974578266414174
Lecture,-0.0002682136429470968,-0.00013449936647282274,-0.0001432102982261336,0.003882989574118413,1.0,0.0015193744620593062,6.784358794461391e-05,-0.0001998367732996204,-0.00016033018696223723,2.0006081199058773e-05,-0.001112688542650429,-0.00040747254881477485,5.9935539844526396e-05,-0.00028581566410142546,0.0005221898096779505,0.00019376797441241465,0.003211344373019888,0.004114000371230736,-0.0004708345260141406,-0.0002617941681728906,-0.0002631500616830021,-0.00015969806288408187,-0.00017860632511150954,-0.00026799397880530624,-0.00036566321819213104,-0.00015171030423457465,-0.00018818333789465057,-0.0001800554609491019,-0.00030296897169205237,0.00036772145895556187,0.00046718506943362373,-0.00010645390167935417,0.012755303338479284,0.0007336588382777086,-0.0006135242321003618,-0.0003984831813853213,8.538853687841555e-05,-0.00022819469510215648,-0.0001108271581970624,0.0033082794811580846,0.001390245322981295,0.012209631274905064,-3.393699751107746e-05,0.0003251828228157404,-0.0005268335694035225,8.033956590006354e-05,-0.00020753347067262542,0.0009823545433284232,0.00019376797441241465,0.0002590967567449047,-8.935928972900555e-05,0.0002212871204460323,1.7477965217841372e-05,-0.0009183330487184233,-1.1585811448078752e-05,0.0005362555742605653,-0.0009850210285978441,0.0015193744620593062,0.0002380198061047189,-0.0003739627867214957,0.002465399658029206,-0.000180638509360605,0.0009146398877297998,-0.0003856069637874864,0.00014963045752306418,-0.0001288975381637603,-0.00011099623740107248,-9.271196419431596e-05,-0.0006818167171321103,0.00307372077865625,-0.0004621013930916427,-0.0006319477037719051,-0.0001212567461860237,-0.00025817407300456367,0.0015540871863067036,-5.3778419444141596e-05,7.857753490965794e-05,-0.00031883069363815146,0.0008948181932127313,-0.0009699727106750625,0.007283274606656831,-0.0010900747298805788,-0.00012380465354582736,7.366679250181012e-05,0.0007410183031011927,-0.00037124403737328606,1.8108687900237664e-05,0.0007026393710858254,-0.00018836707203521175,-0.00014727072994987834,-0.00025817407300456367,-0.0009546330271614534,-0.0001851572173013559,-0.0004687748767206617,-0.0003038110070929917,0.003073725338081915,-0.00043430998795404455,0.0008686200960839555,-0.0002067178407511553,-0.0003739627867214957,-0.00016844818414763794,-0.00018950967416864108,-0.00014504501999464565,-2.581534141948453e-05,-0.00013480910937696414,-8.935928972900555e-05,0.00042375094091176,-0.0004239817598833411,0.00019395348412988995,0.0008686200960839555,0.00013561116188552473,-0.0002559408358824673,0.0009836632508974197,7.95937795603833e-05,-0.00015430868226053054,0.0055187885701495085,0.00032830904560135314,0.004250506868174931,0.010823333342069127,-0.000141494051781084,-0.0002458552468240777,-0.00019246167085278486,-5.9688082604066235e-06,-0.0006135242321003618,-0.0003128467422344205,-0.00029309229810811307,-0.00015772213840760765,0.0003308794415929863,-0.0006319477037719051,-5.525280709747771e-05,-0.0004659287307436609,0.0005221898096779505,-0.000556002118145899,-2.9574502330222705e-05,0.0004089314185286067,7.835880929587955e-05,-0.00014005611419404073,-0.0009611171336733606,-0.0003309818356141273,-0.00019613476062648805,-0.00019673484202985784,-0.00032340182531815753,-0.0002207901878223726,-0.0002105051888685257,-0.000140324251524082,-0.0002559408358824673,-0.0005783385539434856,-0.00011830790113552677,0.003980332513515504,-0.00021343689957105099
Clothing,-0.0036187470943665253,-0.002521919600332924,0.0015512865535260694,0.0951846318822763,0.0015193744620593062,1.0,0.0009778589054640517,-0.0010504869619771956,0.001530735490021251,0.0007236429295734998,-0.006925854198805259,0.0012109429830359439,-0.006305210014107087,-0.0065470757408414605,-0.0015562361785467285,0.008619517440874785,0.024844325573301594,0.0689960338887552,0.008918888384984287,-0.0029036568346464484,0.02039581088134075,0.00611420938117695,0.026004568685531096,0.0017132824483684552,0.028237722499551386,-0.0013494819029819007,0.007131523928497042,-0.0028171165197089613,0.004437188480928032,0.002373431198186147,0.03154811833985079,-7.0236336451205e-05,0.0027430536103277108,0.011318375630824943,0.0004627507898983807,-0.006693633071171384,0.000808675953640009,-0.002664587041164363,0.0014747544511170847,0.011404988644043844,-0.0025813927206606337,0.01028749840819125,0.007716486326179042,0.01390817676650842,-0.004317879344455679,-0.0009647181821352624,-0.004308939823811109,-0.003470093522483078,0.008619517440874785,0.0008908455407962076,-0.002760919850980398,0.008433131107362019,0.0021566698039761183,-0.011039698323572732,0.002891542297231023,0.005846607992452249,-0.011346649369247896,0.2337553904034395,0.02326699739679222,-0.006061315082058257,0.008850830595303116,-0.0037066699012884086,-0.0006539371409164177,0.00039061265054275013,0.0016765769676428607,-0.006827151183236648,-0.001278299500158315,-0.002866339393680365,0.002903476511926059,0.03242220219164363,0.01747374274156853,-0.010816844244876087,-0.005169242000006435,0.00475729796474047,-0.006364255293217463,-0.0007152382145405103,-0.002219006621492681,-0.0007746395340311601,0.01076594791211162,-0.01690180833290337,0.021998229326968877,0.00970697781462826,0.016653854636709348,-0.00019891650931328463,0.0005148400624940506,-0.006528655311083122,0.002066592602681409,0.012678230036167748,-0.00012012182288459808,0.0012128107435735828,0.00475729796474047,-0.016931154416827243,0.0008196055776683257,0.01150899469172273,0.02233492791149455,0.03242207153218468,-0.0027967735343836855,0.03911092431400487,0.006255582915751871,-0.006061315082058257,-0.0014533661576469573,0.0013106290898455032,0.0009535670405260901,0.00037675562418440674,-0.0017741155515068963,-0.002760919850980398,-0.004659596708140888,-0.005347810270205656,-0.0008751977574790008,0.03911092431400487,0.013781275684320707,0.0017437172294605015,0.0018741831988595345,-0.00163613137431201,0.007246242933447857,0.0002107901189617057,0.030675098323090177,0.04799814422061109,0.025642006676938528,-0.0018963012715390234,0.003527136539905277,-0.0030874839883768494,-0.0021055618214594453,0.0004627507898983807,-0.006837009527356212,-0.004320586289015776,0.0007052646922460267,0.005277036603465617,-0.010816844244876087,-0.0020601142842919303,0.04512926473100229,-0.0015562361785467285,-0.0053748616466207585,-0.0031316656244471074,0.007403286532216398,0.002554434426297514,0.0027801251434240847,0.02594382694188288,0.001670152735281958,-0.0031158502003461527,0.012482290091077625,0.001234775721546462,-0.0008766180738643548,-0.0043990476965210645,0.004503700890261529,0.0017437172294605015,-0.001796672864029382,-0.0003937392662062729,0.028519388740407742,-0.0026869883569237045
Pianist,-0.0002709544253166832,-4.326930307613871e-05,-0.00012712829711333443,0.0016744988833467265,6.784358794461391e-05,0.0009778589054640517,1.0,-0.00019957424905591911,-7.444488597698715e-05,-0.00015510718103215848,-0.000806507992801719,-6.0359687099248655e-05,0.0002927029049269929,-0.0003083611606423459,6.85659568418458e-05,-0.00031401778803986924,0.0009954879533960134,0.0018105905566908236,0.000324938514994837,-0.00021973380615402624,0.0002449154667443042,-0.00013937435576060522,-0.0003984145357490503,-0.00022960024461642485,8.161615194808114e-05,-0.0001106950044736003,-0.00016669909820152983,-4.497108807147374e-05,-0.0002057653668032574,0.0004691665464779872,-0.00017018560848342998,-0.00016269440163415856,7.016101041436746e-05,-9.012341315937076e-07,0.0003951505277028885,-0.000354610502463382,0.01159961268823361,-0.00020370074245027966,-4.8339484541553364e-05,0.0016820955652459254,0.0010107619969000844,-4.4443721186172e-05,0.0005116476196074036,0.00011940363172857486,-0.00040635831113815674,9.802093719921487e-05,-0.00017589231612929302,0.0010560763190571522,-0.00031401778803986924,0.0002620677070207028,-7.743683037408471e-05,-0.00027125590142500455,0.00012923044733417695,-0.0006833134506084923,-0.00010137789912617506,0.010977823236991095,-0.0009515431074511803,0.0009778589054640517,0.00023127063332815424,-0.00032518223165379736,0.000623522935851741,-0.0001700195008337732,0.00016780774948388908,-0.00023607815684345234,0.01137546758319609,-0.00014327757444794085,-0.0001032304065540381,-0.00036982437512842685,0.0004994060698307503,0.0010326340689641098,-0.00029028528210694603,-0.0005121901143834121,-0.00011274995202465026,-0.00018749313074102673,-0.0008281693679101407,-0.00014927766275224516,8.442510380165334e-05,-0.0001904120537226265,0.0012948812540299946,-0.000867632802131786,0.0030541396681072626,-0.0006463989354626268,-0.00019521417387507865,-5.97257683784071e-05,0.000539002703687219,-0.0003678910871308063,-7.623444831146152e-06,0.0003134745424414518,-0.0001988601517517015,-0.00015717568176413653,-0.00018749313074102673,-0.0008608795774481116,-0.00019785354171219513,-3.446846292237693e-05,0.00020767194328501389,0.0010326382090657914,-0.00032124242218246955,0.0007583852117950471,-0.00018664186639929885,-0.00032518223165379736,-9.1599228654537e-05,-0.00017757097495797703,-2.7556857269990217e-05,3.149033813499831e-06,-7.893700331577113e-05,-7.743683037408471e-05,-5.598748461123061e-05,-0.00033891123688705637,-0.00013050507317480248,0.0007583852117950471,-0.000503445421821728,-0.000269367935104993,7.545820249411786e-05,-0.00012991098592720675,-4.617899354980535e-05,-4.970802813001563e-05,0.0022271059117114182,0.0017906257063926903,0.0008841989839417693,-0.0001223325449287963,0.00013777807533639394,-0.00016463761293569068,-7.371140480968843e-05,0.0003951505277028885,-0.00017478203921309285,-0.00022920595559101432,-1.3224223046677882e-05,-0.0001663018873157787,-0.0005121901143834121,-0.00019921672154541573,-0.0004844093085851057,6.85659568418458e-05,7.11924234244384e-05,-0.00014396541609275733,-0.0002604956625140896,-0.00020136870748069377,0.0002836121117716161,0.002609950130220781,-9.379753506787725e-05,-0.00017036431725545476,-0.00019806060190250306,-0.00021069904816417378,-0.00019978298260600111,-0.00010827848008804202,-0.00012867633842777548,-0.000269367935104993,0.0002857955960846348,-0.0001693331714122045,-0.0011851855656464824,-0.00018213685961446927
Vegetation,0.0025426557271701375,-0.00021211379980414475,-0.00014476531121694004,-0.0012918445412316965,-0.0001998367732996204,-0.0010504869619771956,-0.00019957424905591911,1.0,-0.0002218364480257815,-0.0002205260301955164,0.013735614396352892,-0.00047165238490888816,-0.0004950832147273894,0.0005533042422511015,-0.0007079621127763811,0.0004907990932778109,-0.001084572297592233,-0.0019911284044324537,-0.0008149692988597427,-0.0003477346372615475,-0.0005166502655565091,0.0001745062788953069,0.00042350340187298605,0.007405405075188172,-0.0006476911677443447,-0.00024044330155161778,0.0002466919736990121,-0.00025040338358374843,-0.0001815489210169049,-0.00010146447015545656,0.00016762808311807987,0.0007405895334422548,-0.0003000416744082785,1.829362256942251e-05,0.0005656135859775312,0.0023215019634362905,-0.00029533690285861875,-0.00029934446458103385,-0.00027313840693884376,-0.0011632099231416696,-0.0003046062623462513,-0.0009676344742863082,-8.794946271649081e-05,-0.0004515256197089116,-0.0006752545929883496,-0.0002097958029011257,-0.00027867993795975814,-0.0014139233405363416,0.0004907990932778109,-0.001205509308933424,-0.0007539536133993875,0.00011072983579433105,-0.000378093813464465,0.011562937394898656,0.00017362921413561594,-0.0011585399943522035,0.002906407240802816,-0.0010504869619771956,-0.0013319738977333848,0.0006426468168331137,-0.000760890327197699,0.0012728469196980573,-0.0008577823438616137,0.013360540167981022,-0.0005976630823734386,-0.00020520280708558302,-0.00019311033787095888,-0.0008723782012429347,-0.0013830345426437984,-0.0013906286285228547,0.00020387267573888522,0.0007548303036089087,-0.00027461396633763767,0.0023528390613497857,-0.0017706040178295055,-0.0002563301027374709,-0.00030618558395060006,-0.00022379461476503568,-0.002128816480221705,0.0012920556015440167,-0.004231477240498986,0.015504260140797824,-0.0004975197761324828,-0.0003319356970582213,-0.00022622152569126735,0.002735034298809256,-0.00033873383688803925,-0.0025654800277871213,-0.000509589152391801,-0.00024677586444973756,0.0023528390613497857,0.0012210725002484986,7.929078384851559e-06,-0.0007812693934513195,-0.0005421688103461994,-0.001390622584427058,-0.000406596436359654,-0.002642943067324722,0.0007477078195685701,0.0006426468168331137,-0.00020228388115186378,-0.00024331670284950788,4.364322493664261e-05,-7.691559036693252e-05,-0.0001093800938863705,-0.0007539536133993875,-0.00046434101392629095,0.001538815816807934,-0.0005669751061045305,-0.002642943067324722,0.0007113469983102973,0.0008942235122200879,-0.00040544568244006284,-0.00021034452000714954,0.00026558498318567645,-0.00018976877764379505,-0.0029187534804885978,-0.0014953771172979374,-0.002529330685304117,-0.0002561162759201025,-0.0004660674311612757,-9.567201376861612e-05,0.0004288665296662511,0.0005656135859775312,-2.393609320057162e-05,9.214218838937704e-05,-0.00014464604189631932,-5.235213264297595e-05,0.0007548303036089087,-0.0003142390831047152,0.0010515022608426163,-0.0007079621127763811,-0.0005046804380900952,-0.0005209004560818248,-0.0008091652004203784,0.0001362717905231658,-0.0002586309459807361,-0.0020290461222568215,-0.00042722712062025355,0.00019126115563677216,0.00064485089919139,-0.00046543098850121,0.002740697656424365,-0.0001994295723182526,-9.961053316369358e-05,0.0008942235122200879,-0.0009830712027034093,-0.0003691722295293641,0.0003481839148030911,0.0003164520934105894
Closet,-0.0003030511980623674,-0.00013312289250716602,-0.0001337023718061137,-0.0010211369930639789,-0.00016033018696223723,0.001530735490021251,-7.444488597698715e-05,-0.0002218364480257815,1.0,-0.00017258159632622158,-0.0012085669224922398,-0.00017500734350231936,-0.00018552029737974827,-0.0002787038368437057,0.0009891905304381238,-0.0002582752637909714,-0.0005952980917860912,-0.0009225540630770517,0.0032280601518898198,0.0005425344280173688,0.0005112158916786507,-9.307027069536985e-05,0.00021145690055455048,-0.00026987685837729546,0.0005117306890538649,-0.00016056245025831595,-9.805937318094085e-05,-0.0002193646653741647,-0.00044237719097019054,-4.4979628676383525e-05,-0.0003903885151698666,0.00023111973081633275,-0.00023263468452866675,-0.00019748391186452546,-0.0011253277113203585,0.00018599375979182247,-8.109170766114966e-05,-9.408284204832007e-05,0.0004281547406735243,-0.00044702996056467814,-0.00021583819483280252,-0.0007519049784640099,-0.00017508821657182325,0.00011109912381115596,-0.00016575375669750867,6.376534915865132e-05,-0.00023624408908800491,0.0011251543445316935,-0.0002582752637909714,0.001932077152446166,-8.621094375936458e-05,-0.0002743268711107677,-0.00028789810806312916,-0.0009869803529369832,-0.0001801032192323977,-0.0007209051732494718,-0.00038278854116533087,0.001530735490021251,4.5035817352125345e-05,-0.00032777748129404803,-0.0006873954111561928,-0.0001887393360345693,0.0010706220580585894,-0.0003693866304109831,-0.00036058702498122975,-0.00019152031274209823,0.00011742331093104184,-0.0003334348068678488,-0.000761698678422369,-0.0009989995300021444,-0.0003586132234477386,-0.0006235721804042335,-0.00033548710206247374,-0.00015505313129004727,-0.0011190617554969443,1.6861687502492016e-05,0.00014876343415206743,-6.921830798223343e-05,-0.00045950598096181094,-0.0011383283186902015,0.00534590625776275,-0.0005806453368513176,0.0005875521862700686,0.000531711863958174,-0.0001519475197112256,-0.00038024385432196386,0.0006189708107785365,0.009903082966233528,0.00011563517090317356,-0.00015308575701287146,-0.00015505313129004727,-0.0011217536095598467,-0.00013209068599195656,0.002587882386259694,0.0005452214938653403,-0.0009989950153502928,0.00025474311078845955,6.947455097653342e-05,-6.148017527402317e-05,-0.00032777748129404803,1.2432286590835447e-05,0.0010032856074769453,-0.00016141041167026929,-7.341365427625946e-05,-0.00012111304143372431,-8.621094375936458e-05,-0.00022424038383548,-0.00039556684839662094,-0.00013213694988772705,6.947455097653342e-05,-0.00028728266567461193,-0.0003087713107911603,0.0002962564734658726,-0.00015185122341605347,0.00017224031924988975,-0.0001462434807814503,-0.001966442346412966,-0.0009026678775399819,-0.001993770582072372,-0.00014727625963884062,0.0017649457291266963,2.411184136568654e-05,-0.000126803190640941,-0.0011253277113203585,-0.0003197485783391229,-0.0002603678411490959,-7.828920286769474e-05,-0.00018468940610716608,-0.0006235721804042335,-0.00018996841140831946,0.0003918417927082055,0.0009891905304381238,-0.00068854520551392,-0.00016469723443446799,-0.0008195252170375747,-0.0002595163438359323,-0.00017423326343369257,-0.0013002795875711548,-7.376791083828362e-05,-0.00020317590331735635,0.00019438742356521293,0.00482197202267445,-0.0002144133679777673,-0.00020912912524748871,-7.24947380555095e-05,-0.0003087713107911603,0.0005782710935832203,-0.00027723716307879586,-0.0017249034525258994,-0.0001923916893824102
Party,-0.0002691344188801684,-0.00015789036678615776,0.00014182613128289754,0.00044579467983559993,2.0006081199058773e-05,0.0007236429295734998,-0.00015510718103215848,-0.0002205260301955164,-0.00017258159632622158,1.0,-0.0007166252943647249,-0.0003894711131404441,0.0013282524205059034,-0.00036385119859209724,-0.00045195171376348264,0.0003633413602857344,-0.00029998920970836424,0.0005468788196939995,-0.0008760051458206748,-0.00024371581108710512,0.0015779557018002575,-6.045740434797202e-05,0.0005561413477309458,-0.00024671219313493546,0.0016943862429663484,-0.00016831918574797212,-8.794930686917876e-05,-0.00022713466916521075,-0.00029239987686481464,-0.00018457614791700687,-0.0005836553150088149,-0.00016206868439349155,-3.5105238064908834e-06,-0.00021512548170364646,-0.0010453177520299518,-0.0003524840228411552,-0.00022715239012394123,-0.00022516507649318596,-0.00010361371701579716,-0.0008650747265651519,0.00016549593702535096,0.005480866412337314,0.0005461455345966419,-0.000316743328493131,-0.0005322742116152597,-0.00017327115327551095,-0.00029729515570136016,-0.0009664217702606267,0.0003633413602857344,-0.00029229942927450775,0.0019605672481449814,5.273996710496512e-05,0.0009428832252254666,-0.0005438585032137819,0.0001365061811904069,-7.583638586222035e-05,-0.0010305079658601327,0.0007236429295734998,0.0014951855481090425,-0.0003413657747322277,-0.0006644194645852765,-0.0002005628287791655,-0.0005190167687361191,-0.0002568388668413268,-5.095325651799192e-06,-0.0002005685636404376,-0.00015331402313905772,0.0010532436196157603,-0.00034382256110846864,-8.594762650254587e-06,-0.00020551703635043005,-0.0006389561802757343,-8.036728642579435e-05,7.088477873927864e-05,0.00010199832481552458,-0.00017872402734866048,-0.0002594074793837273,-0.00031324503839312703,0.0070735161550795015,-0.0010678507032927662,-0.0004196433615014498,-0.0005504517265841169,-0.0005442679808943598,-0.00025648165508461196,0.0005005459103793305,-0.00039134816055422044,-0.00024248135166229126,-0.0012703705043098062,-0.00031125802735462726,-0.00019892199791858188,7.088477873927864e-05,-0.0010516253701327628,-0.00013657301459427923,-0.0007026006017605988,0.0015495567038370632,-8.59006053881067e-06,0.0012571210876287414,0.0010088720621313479,-0.00010938517153202425,-0.0003413657747322277,-0.0002482291652360179,4.790393792313661e-05,6.1118582571872125e-06,8.837916561422646e-05,-1.8403967632594825e-05,0.0019605672481449814,-0.0004016764513574647,-0.0004304003566479863,0.0014747315035536668,0.0010088720621313479,0.0006498630218133177,-0.00029867527885581554,-0.0001298005708741997,0.0005957800945570653,0.0013844562213093264,-4.076323721399045e-06,-0.0006744109072295678,0.0007869816721158185,0.008031864225938868,-4.980515815295524e-05,-0.0003710461463433455,0.0008116751005938232,-0.0001561613067891364,-0.0010453177520299518,0.00028797595705515257,-0.00034277452003893147,-0.00016518987713637825,5.774449490728907e-05,-0.0006389561802757343,0.0003007446227869446,0.0016754453954891603,-0.00045195171376348264,-0.0007300221783974813,0.0016295530659107584,0.00137981701879533,-0.00023529164330824787,0.0012748590269509987,-0.002242099764504265,-0.00036854436486772273,-0.00021818737522080847,-0.0002412294607094693,-0.00034073556141346156,-0.00022384181940290782,-0.00021361860240734073,-0.00010981970089924054,-0.00029867527885581554,-0.0005016406622217374,0.008758076142112915,0.005218943277746052,-0.0002113812501535741
Outdoors,0.017305536051748838,-0.0006402086642355741,-0.0007884913676111855,-0.006519204481115613,-0.001112688542650429,-0.006925854198805259,-0.000806507992801719,0.013735614396352892,-0.0012085669224922398,-0.0007166252943647249,1.0,0.0006803445777638344,0.0030003852051133993,0.007260960213967031,-0.003664911419572237,0.0010301435672913396,-0.00602079763549023,-0.009676354164552673,-0.0038803429275844955,-0.0017727108673326773,-0.0028626676180918908,4.721338733960326e-05,-0.0005576589034906685,0.012726356911887251,-0.0035695872304351397,-0.0007827551996571272,0.00023786320772420464,-0.001097118825675053,0.0032616399270657542,-0.001343184751865022,0.00014087594535066791,0.0006214562273023497,-0.001590358974221967,-0.00118086411808913,0.005185102404446178,0.008444986684972108,-0.0012362035422197523,-0.0013340677962880203,-0.0012042566965563828,-0.006666740198237947,-0.001329862774668126,-0.004387309346840916,-0.0013899938316694468,-0.0021230167734292097,-0.003306704606798858,-0.0012190095085406459,-0.000987680288677632,-0.007211443323155418,0.0010301435672913396,-0.007149077207574229,-0.003935182702157418,-6.268216802587934e-05,0.0007314006638636074,0.06595880755548224,0.00037678680127313426,-0.004211505494787575,0.01920571875594783,-0.006925854198805259,-0.00696334686713336,0.007234361752473782,-0.0038758939974178693,0.0037383541302083313,-0.004302969835932927,0.019675926193830778,-0.0015130677318064547,-0.0005593386355378188,-0.0010560979205770527,-0.004383770255127374,-0.005216740706749988,-0.008554932461795648,0.0016550364174990617,0.0019241071173384944,-0.0008993434506767493,0.00285180209700286,-0.006801083954675286,-0.0012521342672545998,-0.0018135477985534068,0.0004527574451050429,-0.00894623512686622,0.008470181476344207,-0.02223289234864282,0.028877052528253636,-0.0013831258767949945,-0.0018987300787100564,-0.0006400811522281097,0.00957500558464798,-0.001620859894969792,-0.015676459196919484,-0.002849458208904201,-0.0009345311612449423,0.00285180209700286,0.008154958613047636,0.000757815562562234,-0.0031388111277627687,-0.0031086139321463532,-0.008554897173265399,-0.0038426844139763626,-0.014519398690130164,0.00348572510825825,0.007234361752473782,-0.0001373711491481557,-0.0010985024630818419,0.00043383925071734477,-0.0012861807736409825,0.0002654532145908127,-0.003935182702157418,-0.00218199159848407,0.008111290150809835,-0.0031870862404761472,-0.014519398690130164,0.0014901165287946978,0.004346558045907365,-0.0026889301076640816,-0.0013038374974478663,0.00013498214269912255,-0.0011049199293076983,-0.011118888730927819,-0.00906789307274355,-0.009443214127463326,-0.0010782397959505942,-0.002115860022661008,-0.0009893857617313399,0.0009761599192010704,0.005185102404446178,0.006085179524364843,0.0003129155984552207,0.0006106808502913147,-0.0007797276180106574,0.0019241071173384944,-0.0016381132647761175,0.0005428245244427955,-0.003664911419572237,-8.890241724485333e-05,-0.002896146702373664,-0.002550998212629714,0.0004515637396908393,-0.001018682222862397,-0.007272468324029063,-0.0002579257543602145,0.0005236823313407466,0.0025015983050911336,-0.0026775667688075403,0.007046894219930528,-0.0010867563660559108,-1.6895689154619717e-05,0.004346558045907365,-0.005133639328441584,-0.0003944025858239051,0.002513914047905741,0.003940930624713559
