,Water,Ear,Jewelry,Coat,Lecture,Clothing,Pianist,Vegetation,Closet,Party,Outdoors,Dungeon,Lighting,Architecture,Monitor,Child,Tie,Overcoat,Wood,Bed,Gown,Shoe,Woman,Grass,Fashion,Arm,Footwear,Hand,Pedestrian,Glasses,Jacket,Pottery,Speech,Blazer,Photography,Housing,Piano,Pillow,Floor,Court,Theater,Audience,Tuxedo,Shirt,Cushion,Pc,Jaw,Electronics,Kid,Table,Beverage,Teen,Vigil,Nature,Sunglasses,Performer,Building,Apparel,Hair,Town,Sitting,Mammal,Screen,Tree,Musician,Halo,Book,Restaurant,Finger,Accessory,Hat,Automobile,Skin,Blossom,Head,Clinic,Computer,Art,Pub,Transportation,Room,Plant,Sleeve,Desk,Stage,Animal,Flooring,Furniture,Couch,Prison,Flower,Vehicle,Smile,Door,Robe,Accessories,Food,Person,Shorts,City,Window,Shop,Hug,Worker,Painting,Drink,Text,Road,Glass,Human,Girl,Sport,Chair,Wine,Dress,School,Face,Suit,Crowd,Cafe,Plywood,Meal,Symbol,Photo,Light,Machine,Banister,Blonde,Car,Cafeteria,Female,Display,Portrait,Alcohol,Dating,Military,Dance,Man,Crypt,Wheel,Pants,Shelf,Path,Driving,Helmet,Sports,Lamp,Club,People,Street
Water,1,-0.000307121475105,-0.000255392952996,-0.00357737659029,-0.000268213642947,-0.003618747094367,-0.000270954425317,0.00254265572717,-0.000303051198062,-0.00026913441888,0.017305536051749,-0.000582991595994,0.000139087383908,0.002368252511197,-0.000909092433896,-7.93607939790506E-05,-0.001627376589315,-0.003584975756644,-0.000845104167852,-0.000479754324409,-0.000857685744605,-0.00017726201658,-0.000560369655793,0.001537695395179,-0.001174644896533,-9.73362501401648E-05,-0.000180917744077,-0.000232604853729,0.000279328335474,-0.00037707034264,-0.000743247077357,-4.12673583717988E-05,-0.000405769760345,-0.000452770931125,0.001297228050335,0.001230908740373,-0.000396275553162,-0.000409261615808,-0.000342649009569,-0.001603646701051,-0.000387111206472,-0.001238092109296,-0.000442421973763,-0.000599034359625,-0.000946360539532,-0.000305014416001,-0.000331837041774,-0.001834810033566,-7.93607939790506E-05,-0.001727206708389,-0.000943426070689,-0.000483798385154,-0.000475726641655,0.015670611759151,0.000356819038463,-0.001521282622599,0.004350578714672,-0.003618747094367,-0.002704218042121,0.001260630333782,-0.000692065932953,0.001034954919091,-0.001057528708869,0.002874721892169,-0.000707485178057,-0.000167584217327,-0.000236591992074,-0.001177580324815,-0.00193034402492,-0.002083676927848,0.000247294181982,-0.000660975895466,4.23096525255756E-05,-9.49552538985598E-05,-0.002197736328178,-0.000336338839358,-0.000456653255202,9.21791492953599E-05,-0.002791449756622,0.004682511277809,-0.005612036316,0.003484053877454,-0.000262148960914,-0.000458705855818,-0.00018806831446,0.003822569869444,-0.0004377409252,-0.004036726867733,-0.000700534391135,-0.000281643201531,-9.49552538985598E-05,0.004588266456158,-0.000141222896647,-0.001167822862862,-0.00092202130882,-0.002083668575441,-0.001230492961024,-0.004789369901919,0.001544156419191,0.001260630333782,-0.000322388349756,-0.000329065756752,6.53209675799788E-05,-0.00040171614937,0.000175259493752,-0.000943426070689,-0.000687506688597,0.000857498705567,-0.000741964303666,-0.004789369901919,-0.000197738786059,0.002561598340384,-0.000615506103253,-0.000275325242031,6.74952973702227E-06,-0.000278346949328,-0.004470325595369,-0.002697219415118,-0.002919787161096,-0.00034703730775,-0.000525376033064,-0.000360528257014,8.11748962994382E-05,0.001297228050335,0.000687992489024,-0.000324439330519,0.000267373916227,-0.000376122176573,-0.000660975895466,-0.000393561839146,-0.00070302020804,-0.000909092433896,-0.000309975506316,-0.000674745403041,-0.000628261963182,0.000541298078252,-0.000265019350681,-0.00268769820785,-0.00048141138836,-0.000279897160081,0.000560059873281,-0.00064231746878,0.001550802361143,-0.00034160729157,-0.000160587526915,0.002561598340384,-0.001334420192154,-0.00033047992953,0.000791754677604,0.000223995346349
Ear,-0.000307121475105,1,0.00094325822178,-0.002276207558492,-0.000134499366473,-0.002521919600333,-4.32693030761387E-05,-0.000212113799804,-0.000133122892507,-0.000157890366786,-0.000640208664236,-0.000430622704389,-0.000422418306537,-0.000523320160146,-0.000373357122983,0.000807565191346,-0.000295817365484,-0.001736886230326,-0.000697328033064,-0.000257062950429,-0.000536927323533,-0.000220991993363,0.000928073336469,-0.000258397124458,-0.000783647302637,4.75347930841105E-06,-0.000257235434903,3.78246420456316E-06,-0.000437946761491,0.00028614237911,-0.0008647769379,-0.000165676551637,-0.000136634775273,-0.00036860190586,0.002625150802237,-0.000462255210699,-8.79370222386293E-05,-0.000103509223669,-0.000214983535554,0.000127963482982,-1.2440883286017E-05,-7.25225535410864E-05,-0.00021359565755,-0.000425827677934,-0.000294800027688,-0.000168552898166,0.002776840580384,-0.000711390246001,0.000807565191346,-0.00111468314162,-0.000187694018295,0.000706056896607,2.40132815328371E-05,-0.000783071658018,-0.000138543944453,0.000139701719497,-0.001444539382508,-0.002521919600333,0.005053774848373,-0.000396866083106,-0.000749488273999,-0.000173437781236,-0.000474817207642,-0.000360927512858,-0.000327648185345,-0.000101041418014,-0.000148442383646,-0.000527743609216,0.004240172646317,0.000981699950299,-0.00039258069286,-0.000657945615582,0.002108918109442,-0.000159417314222,0.009362799804916,-0.000172127339297,-0.000253384104637,-0.000540184208114,7.32789544726764E-05,-0.001179945802379,-0.001302507007911,-0.000588686151978,-0.000546583191981,-0.000260592861789,-0.000182205210285,1.62486609318199E-05,-0.00026840794297,-0.002814069956057,-0.00035872747724,-0.000178298372299,-0.000159417314222,-0.001163910250038,0.000675357664521,-0.000679650638762,-0.000596476124398,0.000981704695339,-0.000521293347033,0.000981321103811,-0.000227178288823,-0.000396866083106,-0.000183507770065,-0.000215745830884,0.000784319671485,-0.000226547954221,-0.000187396284245,-0.000187694018295,-0.000412860747606,-0.000446717062952,-0.000212123481772,0.000981321103811,0.000648427456623,-0.000324621588723,-0.000730652210161,-0.000184179762026,-0.000252633563663,-0.000154279195383,0.007946266491905,-0.001184757454187,0.00055504729468,-0.000165643336355,-0.000305782081729,-0.00027387566891,-0.000159066738215,0.002625150802237,-0.000128643598192,-0.000342747453285,-0.000112336304229,0.000384419043667,-0.000657945615582,-0.000250099097181,0.001551074222695,-0.000373357122983,0.002570064437117,-0.00028651984007,0.001547008389454,-0.000247676212945,-0.000152336580656,0.00248500338944,-0.000375193618852,-0.000217022868606,-0.000452255761783,-0.000249707433574,-0.00022416704027,-0.000202283110772,-0.000161101745429,-0.000324621588723,-0.000731345580388,-0.000182328694494,-0.001310139346986,-0.000223220925311
Jewelry,-0.000255392952996,0.00094325822178,1,-0.001254283467373,-0.000143210298226,0.001551286553526,-0.000127128297113,-0.000144765311217,-0.000133702371806,0.000141826131283,-0.000788491367611,-0.000368916485689,-0.000382899502606,-0.000514845501651,-0.000464153565158,0.001143878875817,-7.7803829637211E-05,-0.000959463749785,-0.000713021764154,-0.000270845181517,0.001798055585049,-0.000216706519843,0.00389379081551,-0.000170499103901,0.001947687256754,-7.65890667541423E-05,-0.000250830486402,0.000370102204882,-0.000460672207801,0.000370697572611,-0.000547622006077,0.000195232214032,-0.000183733776466,-0.000208330393996,0.001387877257638,-0.000462876165432,-0.000174970679899,-0.000141890203594,-0.000220253028018,0.00015325309422,-0.000233517250194,-0.000298426202747,4.27766088351411E-05,-0.000353612625778,-0.000289836718363,-0.000157988630546,0.000357079727595,-0.000899385574717,0.001143878875817,-0.000936829233678,-4.05949993640568E-05,0.001174208084685,-4.36756631954501E-05,-0.000826739400308,0.000131188679266,-2.32012932968618E-05,-0.001413943228228,0.001551286553526,0.002794450680752,-0.000395302554972,-0.00049894830839,-0.000210437356295,-0.000577097820773,-0.000212144096423,-0.00039767667339,-0.000202286415054,-0.000132331195911,-0.000453095250366,0.002189066470002,0.012010372211724,0.000121237926916,-0.000654150719018,0.000306744082167,0.000721617592028,0.002334540332721,-0.000202132374809,-0.000217378929282,-3.63911834389955E-05,0.000217095640814,-0.001145314027956,-0.001123075793555,0.000644312763712,-2.60346219087364E-05,-0.000250740949846,-0.000144871612122,-0.000371339407072,-0.000276736336486,-0.002021530376406,-0.00016932596578,-0.00017990287659,0.000721617592028,-0.001129662437512,0.000697779689768,-0.000533776354605,0.001793379798516,0.012010377134998,-0.000132440623111,0.000951437899691,-0.00021992917878,-0.000395302554972,-0.000127682889798,-0.000181312104568,0.000193618883395,-0.000169021958968,-0.000142191099119,-4.05949993640568E-05,-0.0002274569865,-0.00044315494692,9.27735853850844E-05,0.000951437899691,0.002282317410661,-0.000346816479367,-0.000534136508641,-0.000103251509781,0.000493986210172,-0.000157690061414,0.004666541357483,-0.000376937883741,-0.000156084339128,-0.000189824608621,-0.000377386342931,-0.000183703823646,-9.23552166584028E-05,0.001387877257638,-0.000175670143301,-0.000330137763128,-0.00015752784392,0.00095093808014,-0.000654150719018,-0.000229906072395,0.005492300516944,-0.000464153565158,0.001641839673396,-0.0001341975799,0.000788449845557,-0.000261830418848,5.03449443592617E-05,-0.001657471695716,-0.000355324486603,-0.000204600773839,-0.000433860224666,-0.000309418294732,-0.000204038938129,-0.000208448854559,-7.53564875834821E-05,-0.000346816479367,-0.000599767338932,0.000319466002438,-0.000178382864421,-0.000223889743128
Coat,-0.00357737659029,-0.002276207558492,-0.001254283467373,1,0.003882989574118,0.095184631882276,0.001674498883347,-0.001291844541232,-0.001021136993064,0.000445794679836,-0.006519204481116,0.000993905432555,-0.001928529458379,-0.002779070116533,-0.003049606076441,-0.001483812765176,0.042645597121666,0.137882945039444,-0.001251363082846,-0.004313933664941,0.010140047587139,0.001074248933877,-0.001461885149474,-0.000581197897494,0.016240141628913,-0.003631033839003,0.001518504470824,-0.002152821287449,0.008487975738172,0.002133140502642,0.06304634081091,-0.000488896242248,0.006055101349599,0.022618850346631,-0.003210858618843,-0.0052322058535,0.001987303596009,-0.003928918128787,-0.00019775146775,0.019432713217638,0.0011570081817,0.014179900273586,0.015420768412945,0.006248534284887,-0.006218138806223,-0.001138521993232,-0.001536324820286,-0.004645223860022,-0.001483812765176,0.000908522638533,0.000702275563556,-0.000805234851631,0.00373070126357,-0.006751179082288,0.001449912969784,0.009933770061295,-0.006905816404954,0.095184631882276,0.001998540782309,-0.001450664812151,0.005741535705732,-0.002780053875445,-0.002385823828709,-0.000757356964687,0.002269403603356,-0.002269956286142,-0.000744349151686,-0.001755722913617,-0.009519407336018,0.043459347058118,0.006652465543151,-0.003770617975578,-0.004645916965542,0.001693294494045,-0.00296135878742,-0.000569453147619,-0.001829653653038,-0.002343142523888,0.014229967092734,-0.006668422325807,0.025291766303222,-0.000249044599826,0.009696106873817,-0.000291690519066,0.000566494324527,-0.005091374566953,-0.000780526742509,-0.003237985133589,-0.002983866222037,0.001925839512124,0.001693294494045,-0.0067792985887,-0.002386480020434,0.005678233759884,0.012010144761121,0.043459436666509,-0.003924701304962,0.018492120417134,-0.002151837081291,-0.001450664812151,-0.0017735906938,-0.000214885648189,-0.001299026565219,-0.000736432559659,-0.001833667673137,0.000702275563556,-0.001101890045131,-0.000766883700537,0.002344952144153,0.018492120417134,-0.004042853577488,-0.004697764092375,-0.001368782347282,0.001178915516094,0.001946619658139,0.001142468641289,0.012902066059084,0.095920375542694,0.032794262177767,-0.001209701382803,-0.000972925124469,-0.001372431248741,-0.000832499283007,-0.003210858618843,-0.003293962479638,-0.002201924509924,0.000587844084226,7.9089010166321E-05,-0.003770617975578,-0.001628988226296,-0.000775421607948,-0.003049606076441,-0.005598041905254,0.000628985307386,0.008274423432005,0.003988247217415,-0.000586698515705,0.031782663886724,0.001388215539543,-0.001196523313194,0.006980575475914,-0.002366363705245,0.000472951838321,-0.001918828657687,0.000191227980209,-0.004697764092375,-0.002157158709541,-0.000390542782237,0.017286149228799,-0.000497457826641
Lecture,-0.000268213642947,-0.000134499366473,-0.000143210298226,0.003882989574118,1,0.001519374462059,6.78435879446139E-05,-0.0001998367733,-0.000160330186962,2.00060811990588E-05,-0.00111268854265,-0.000407472548815,5.99355398445264E-05,-0.000285815664101,0.000522189809678,0.000193767974412,0.00321134437302,0.004114000371231,-0.000470834526014,-0.000261794168173,-0.000263150061683,-0.000159698062884,-0.000178606325112,-0.000267993978805,-0.000365663218192,-0.000151710304235,-0.000188183337895,-0.000180055460949,-0.000302968971692,0.000367721458956,0.000467185069434,-0.000106453901679,0.012755303338479,0.000733658838278,-0.0006135242321,-0.000398483181385,8.53885368784156E-05,-0.000228194695102,-0.000110827158197,0.003308279481158,0.001390245322981,0.012209631274905,-3.39369975110775E-05,0.000325182822816,-0.000526833569404,8.03395659000636E-05,-0.000207533470673,0.000982354543328,0.000193767974412,0.000259096756745,-8.93592897290056E-05,0.000221287120446,1.74779652178414E-05,-0.000918333048718,-1.15858114480788E-05,0.000536255574261,-0.000985021028598,0.001519374462059,0.000238019806105,-0.000373962786721,0.002465399658029,-0.000180638509361,0.00091463988773,-0.000385606963787,0.000149630457523,-0.000128897538164,-0.000110996237401,-9.2711964194316E-05,-0.000681816717132,0.003073720778656,-0.000462101393092,-0.000631947703772,-0.000121256746186,-0.000258174073005,0.001554087186307,-5.37784194441416E-05,7.8577534909658E-05,-0.000318830693638,0.000894818193213,-0.000969972710675,0.007283274606657,-0.001090074729881,-0.000123804653546,7.36667925018101E-05,0.000741018303101,-0.000371244037373,1.81086879002377E-05,0.000702639371086,-0.000188367072035,-0.00014727072995,-0.000258174073005,-0.000954633027161,-0.000185157217301,-0.000468774876721,-0.000303811007093,0.003073725338082,-0.000434309987954,0.000868620096084,-0.000206717840751,-0.000373962786721,-0.000168448184148,-0.000189509674169,-0.000145045019995,-2.58153414194845E-05,-0.000134809109377,-8.93592897290056E-05,0.000423750940912,-0.000423981759883,0.00019395348413,0.000868620096084,0.000135611161886,-0.000255940835882,0.000983663250897,7.95937795603833E-05,-0.000154308682261,0.00551878857015,0.000328309045601,0.004250506868175,0.010823333342069,-0.000141494051781,-0.000245855246824,-0.000192461670853,-5.96880826040662E-06,-0.0006135242321,-0.000312846742234,-0.000293092298108,-0.000157722138408,0.000330879441593,-0.000631947703772,-5.52528070974777E-05,-0.000465928730744,0.000522189809678,-0.000556002118146,-2.95745023302227E-05,0.000408931418529,7.83588092958795E-05,-0.000140056114194,-0.000961117133673,-0.000330981835614,-0.000196134760626,-0.00019673484203,-0.000323401825318,-0.000220790187822,-0.000210505188869,-0.000140324251524,-0.000255940835882,-0.000578338553943,-0.000118307901136,0.003980332513516,-0.000213436899571
Clothing,-0.003618747094367,-0.002521919600333,0.001551286553526,0.095184631882276,0.001519374462059,1,0.000977858905464,-0.001050486961977,0.001530735490021,0.000723642929574,-0.006925854198805,0.001210942983036,-0.006305210014107,-0.006547075740841,-0.001556236178547,0.008619517440875,0.024844325573302,0.068996033888755,0.008918888384984,-0.002903656834646,0.020395810881341,0.006114209381177,0.026004568685531,0.001713282448368,0.028237722499551,-0.001349481902982,0.007131523928497,-0.002817116519709,0.004437188480928,0.002373431198186,0.031548118339851,-7.0236336451205E-05,0.002743053610328,0.011318375630825,0.000462750789898,-0.006693633071171,0.00080867595364,-0.002664587041164,0.001474754451117,0.011404988644044,-0.002581392720661,0.010287498408191,0.007716486326179,0.013908176766509,-0.004317879344456,-0.000964718182135,-0.004308939823811,-0.003470093522483,0.008619517440875,0.000890845540796,-0.00276091985098,0.008433131107362,0.002156669803976,-0.011039698323573,0.002891542297231,0.005846607992452,-0.011346649369248,0.233755390403439,0.023266997396792,-0.006061315082058,0.008850830595303,-0.003706669901288,-0.000653937140916,0.000390612650543,0.001676576967643,-0.006827151183237,-0.001278299500158,-0.00286633939368,0.002903476511926,0.032422202191644,0.017473742741569,-0.010816844244876,-0.005169242000006,0.00475729796474,-0.006364255293217,-0.000715238214541,-0.002219006621493,-0.000774639534031,0.010765947912112,-0.016901808332903,0.021998229326969,0.009706977814628,0.016653854636709,-0.000198916509313,0.000514840062494,-0.006528655311083,0.002066592602681,0.012678230036168,-0.000120121822885,0.001212810743574,0.00475729796474,-0.016931154416827,0.000819605577668,0.011508994691723,0.022334927911495,0.032422071532185,-0.002796773534384,0.039110924314005,0.006255582915752,-0.006061315082058,-0.001453366157647,0.001310629089846,0.000953567040526,0.000376755624184,-0.001774115551507,-0.00276091985098,-0.004659596708141,-0.005347810270206,-0.000875197757479,0.039110924314005,0.013781275684321,0.001743717229461,0.00187418319886,-0.001636131374312,0.007246242933448,0.000210790118962,0.03067509832309,0.047998144220611,0.025642006676939,-0.001896301271539,0.003527136539905,-0.003087483988377,-0.002105561821459,0.000462750789898,-0.006837009527356,-0.004320586289016,0.000705264692246,0.005277036603466,-0.010816844244876,-0.002060114284292,0.045129264731002,-0.001556236178547,-0.005374861646621,-0.003131665624447,0.007403286532216,0.002554434426298,0.002780125143424,0.025943826941883,0.001670152735282,-0.003115850200346,0.012482290091078,0.001234775721546,-0.000876618073864,-0.004399047696521,0.004503700890262,0.001743717229461,-0.001796672864029,-0.000393739266206,0.028519388740408,-0.002686988356924
Pianist,-0.000270954425317,-4.32693030761387E-05,-0.000127128297113,0.001674498883347,6.78435879446139E-05,0.000977858905464,1,-0.000199574249056,-7.44448859769872E-05,-0.000155107181032,-0.000806507992802,-6.03596870992487E-05,0.000292702904927,-0.000308361160642,6.85659568418458E-05,-0.00031401778804,0.000995487953396,0.001810590556691,0.000324938514995,-0.000219733806154,0.000244915466744,-0.000139374355761,-0.000398414535749,-0.000229600244616,8.16161519480811E-05,-0.000110695004474,-0.000166699098202,-4.49710880714737E-05,-0.000205765366803,0.000469166546478,-0.000170185608483,-0.000162694401634,7.01610104143675E-05,-9.01234131593708E-07,0.000395150527703,-0.000354610502463,0.011599612688234,-0.00020370074245,-4.83394845415534E-05,0.001682095565246,0.0010107619969,-4.4443721186172E-05,0.000511647619607,0.000119403631729,-0.000406358311138,9.80209371992149E-05,-0.000175892316129,0.001056076319057,-0.00031401778804,0.000262067707021,-7.74368303740847E-05,-0.000271255901425,0.000129230447334,-0.000683313450608,-0.000101377899126,0.010977823236991,-0.000951543107451,0.000977858905464,0.000231270633328,-0.000325182231654,0.000623522935852,-0.000170019500834,0.000167807749484,-0.000236078156843,0.011375467583196,-0.000143277574448,-0.000103230406554,-0.000369824375128,0.000499406069831,0.001032634068964,-0.000290285282107,-0.000512190114383,-0.000112749952025,-0.000187493130741,-0.00082816936791,-0.000149277662752,8.44251038016533E-05,-0.000190412053723,0.00129488125403,-0.000867632802132,0.003054139668107,-0.000646398935463,-0.000195214173875,-5.97257683784071E-05,0.000539002703687,-0.000367891087131,-7.62344483114615E-06,0.000313474542441,-0.000198860151752,-0.000157175681764,-0.000187493130741,-0.000860879577448,-0.000197853541712,-3.44684629223769E-05,0.000207671943285,0.001032638209066,-0.000321242422182,0.000758385211795,-0.000186641866399,-0.000325182231654,-9.1599228654537E-05,-0.000177570974958,-2.75568572699902E-05,3.14903381349983E-06,-7.89370033157711E-05,-7.74368303740847E-05,-5.59874846112306E-05,-0.000338911236887,-0.000130505073175,0.000758385211795,-0.000503445421822,-0.000269367935105,7.54582024941179E-05,-0.000129910985927,-4.61789935498054E-05,-4.97080281300156E-05,0.002227105911711,0.001790625706393,0.000884198983942,-0.000122332544929,0.000137778075336,-0.000164637612936,-7.37114048096884E-05,0.000395150527703,-0.000174782039213,-0.000229205955591,-1.32242230466779E-05,-0.000166301887316,-0.000512190114383,-0.000199216721545,-0.000484409308585,6.85659568418458E-05,7.11924234244384E-05,-0.000143965416093,-0.000260495662514,-0.000201368707481,0.000283612111772,0.002609950130221,-9.37975350678773E-05,-0.000170364317255,-0.000198060601903,-0.000210699048164,-0.000199782982606,-0.000108278480088,-0.000128676338428,-0.000269367935105,0.000285795596085,-0.000169333171412,-0.001185185565646,-0.000182136859614
Vegetation,0.00254265572717,-0.000212113799804,-0.000144765311217,-0.001291844541232,-0.0001998367733,-0.001050486961977,-0.000199574249056,1,-0.000221836448026,-0.000220526030196,0.013735614396353,-0.000471652384909,-0.000495083214727,0.000553304242251,-0.000707962112776,0.000490799093278,-0.001084572297592,-0.001991128404432,-0.00081496929886,-0.000347734637262,-0.000516650265557,0.000174506278895,0.000423503401873,0.007405405075188,-0.000647691167744,-0.000240443301552,0.000246691973699,-0.000250403383584,-0.000181548921017,-0.000101464470155,0.000167628083118,0.000740589533442,-0.000300041674408,1.82936225694225E-05,0.000565613585978,0.002321501963436,-0.000295336902859,-0.000299344464581,-0.000273138406939,-0.001163209923142,-0.000304606262346,-0.000967634474286,-8.79494627164908E-05,-0.000451525619709,-0.000675254592988,-0.000209795802901,-0.00027867993796,-0.001413923340536,0.000490799093278,-0.001205509308933,-0.000753953613399,0.000110729835794,-0.000378093813464,0.011562937394899,0.000173629214136,-0.001158539994352,0.002906407240803,-0.001050486961977,-0.001331973897733,0.000642646816833,-0.000760890327198,0.001272846919698,-0.000857782343862,0.013360540167981,-0.000597663082373,-0.000205202807086,-0.000193110337871,-0.000872378201243,-0.001383034542644,-0.001390628628523,0.000203872675739,0.000754830303609,-0.000274613966338,0.00235283906135,-0.00177060401783,-0.000256330102737,-0.000306185583951,-0.000223794614765,-0.002128816480222,0.001292055601544,-0.004231477240499,0.015504260140798,-0.000497519776132,-0.000331935697058,-0.000226221525691,0.002735034298809,-0.000338733836888,-0.002565480027787,-0.000509589152392,-0.00024677586445,0.00235283906135,0.001221072500249,7.92907838485156E-06,-0.000781269393451,-0.000542168810346,-0.001390622584427,-0.00040659643636,-0.002642943067325,0.000747707819569,0.000642646816833,-0.000202283881152,-0.00024331670285,4.36432249366426E-05,-7.69155903669325E-05,-0.000109380093886,-0.000753953613399,-0.000464341013926,0.001538815816808,-0.000566975106105,-0.002642943067325,0.00071134699831,0.00089422351222,-0.00040544568244,-0.000210344520007,0.000265584983186,-0.000189768777644,-0.002918753480489,-0.001495377117298,-0.002529330685304,-0.00025611627592,-0.000466067431161,-9.56720137686161E-05,0.000428866529666,0.000565613585978,-2.39360932005716E-05,9.2142188389377E-05,-0.000144646041896,-5.2352132642976E-05,0.000754830303609,-0.000314239083105,0.001051502260843,-0.000707962112776,-0.00050468043809,-0.000520900456082,-0.00080916520042,0.000136271790523,-0.000258630945981,-0.002029046122257,-0.00042722712062,0.000191261155637,0.000644850899191,-0.000465430988501,0.002740697656424,-0.000199429572318,-9.96105331636936E-05,0.00089422351222,-0.000983071202703,-0.000369172229529,0.000348183914803,0.000316452093411
Closet,-0.000303051198062,-0.000133122892507,-0.000133702371806,-0.001021136993064,-0.000160330186962,0.001530735490021,-7.44448859769872E-05,-0.000221836448026,1,-0.000172581596326,-0.001208566922492,-0.000175007343502,-0.00018552029738,-0.000278703836844,0.000989190530438,-0.000258275263791,-0.000595298091786,-0.000922554063077,0.00322806015189,0.000542534428017,0.000511215891679,-9.30702706953699E-05,0.000211456900555,-0.000269876858377,0.000511730689054,-0.000160562450258,-9.80593731809408E-05,-0.000219364665374,-0.00044237719097,-4.49796286763835E-05,-0.00039038851517,0.000231119730816,-0.000232634684529,-0.000197483911865,-0.00112532771132,0.000185993759792,-8.10917076611497E-05,-9.40828420483201E-05,0.000428154740674,-0.000447029960565,-0.000215838194833,-0.000751904978464,-0.000175088216572,0.000111099123811,-0.000165753756698,6.37653491586513E-05,-0.000236244089088,0.001125154344532,-0.000258275263791,0.001932077152446,-8.62109437593646E-05,-0.000274326871111,-0.000287898108063,-0.000986980352937,-0.000180103219232,-0.000720905173249,-0.000382788541165,0.001530735490021,4.50358173521254E-05,-0.000327777481294,-0.000687395411156,-0.000188739336035,0.001070622058059,-0.000369386630411,-0.000360587024981,-0.000191520312742,0.000117423310931,-0.000333434806868,-0.000761698678422,-0.000998999530002,-0.000358613223448,-0.000623572180404,-0.000335487102062,-0.00015505313129,-0.001119061755497,1.6861687502492E-05,0.000148763434152,-6.92183079822334E-05,-0.000459505980962,-0.00113832831869,0.005345906257763,-0.000580645336851,0.00058755218627,0.000531711863958,-0.000151947519711,-0.000380243854322,0.000618970810779,0.009903082966234,0.000115635170903,-0.000153085757013,-0.00015505313129,-0.00112175360956,-0.000132090685992,0.00258788238626,0.000545221493865,-0.00099899501535,0.000254743110788,6.94745509765334E-05,-6.14801752740232E-05,-0.000327777481294,1.24322865908354E-05,0.001003285607477,-0.00016141041167,-7.34136542762595E-05,-0.000121113041434,-8.62109437593646E-05,-0.000224240383835,-0.000395566848397,-0.000132136949888,6.94745509765334E-05,-0.000287282665675,-0.000308771310791,0.000296256473466,-0.000151851223416,0.00017224031925,-0.000146243480781,-0.001966442346413,-0.00090266787754,-0.001993770582072,-0.000147276259639,0.001764945729127,2.41118413656865E-05,-0.000126803190641,-0.00112532771132,-0.000319748578339,-0.000260367841149,-7.82892028676948E-05,-0.000184689406107,-0.000623572180404,-0.000189968411408,0.000391841792708,0.000989190530438,-0.000688545205514,-0.000164697234434,-0.000819525217038,-0.000259516343836,-0.000174233263434,-0.001300279587571,-7.37679108382836E-05,-0.000203175903317,0.000194387423565,0.004821972022674,-0.000214413367978,-0.000209129125247,-7.24947380555095E-05,-0.000308771310791,0.000578271093583,-0.000277237163079,-0.001724903452526,-0.000192391689382
Party,-0.00026913441888,-0.000157890366786,0.000141826131283,0.000445794679836,2.00060811990588E-05,0.000723642929574,-0.000155107181032,-0.000220526030196,-0.000172581596326,1,-0.000716625294365,-0.00038947111314,0.001328252420506,-0.000363851198592,-0.000451951713763,0.000363341360286,-0.000299989209708,0.000546878819694,-0.000876005145821,-0.000243715811087,0.0015779557018,-6.0457404347972E-05,0.000556141347731,-0.000246712193135,0.001694386242966,-0.000168319185748,-8.79493068691788E-05,-0.000227134669165,-0.000292399876865,-0.000184576147917,-0.000583655315009,-0.000162068684393,-3.51052380649088E-06,-0.000215125481704,-0.00104531775203,-0.000352484022841,-0.000227152390124,-0.000225165076493,-0.000103613717016,-0.000865074726565,0.000165495937025,0.005480866412337,0.000546145534597,-0.000316743328493,-0.000532274211615,-0.000173271153276,-0.000297295155701,-0.000966421770261,0.000363341360286,-0.000292299429275,0.001960567248145,5.27399671049651E-05,0.000942883225225,-0.000543858503214,0.00013650618119,-7.58363858622204E-05,-0.00103050796586,0.000723642929574,0.001495185548109,-0.000341365774732,-0.000664419464585,-0.000200562828779,-0.000519016768736,-0.000256838866841,-5.09532565179919E-06,-0.00020056856364,-0.000153314023139,0.001053243619616,-0.000343822561108,-8.59476265025459E-06,-0.00020551703635,-0.000638956180276,-8.03672864257944E-05,7.08847787392786E-05,0.000101998324816,-0.000178724027349,-0.000259407479384,-0.000313245038393,0.00707351615508,-0.001067850703293,-0.000419643361501,-0.000550451726584,-0.000544267980894,-0.000256481655085,0.000500545910379,-0.000391348160554,-0.000242481351662,-0.00127037050431,-0.000311258027355,-0.000198921997919,7.08847787392786E-05,-0.001051625370133,-0.000136573014594,-0.000702600601761,0.001549556703837,-8.59006053881067E-06,0.001257121087629,0.001008872062131,-0.000109385171532,-0.000341365774732,-0.000248229165236,4.79039379231366E-05,6.11185825718721E-06,8.83791656142265E-05,-1.84039676325948E-05,0.001960567248145,-0.000401676451357,-0.000430400356648,0.001474731503554,0.001008872062131,0.000649863021813,-0.000298675278856,-0.000129800570874,0.000595780094557,0.001384456221309,-4.07632372139905E-06,-0.00067441090723,0.000786981672116,0.008031864225939,-4.98051581529552E-05,-0.000371046146343,0.000811675100594,-0.000156161306789,-0.00104531775203,0.000287975957055,-0.000342774520039,-0.000165189877136,5.77444949072891E-05,-0.000638956180276,0.000300744622787,0.001675445395489,-0.000451951713763,-0.000730022178397,0.001629553065911,0.001379817018795,-0.000235291643308,0.001274859026951,-0.002242099764504,-0.000368544364868,-0.000218187375221,-0.000241229460709,-0.000340735561413,-0.000223841819403,-0.000213618602407,-0.000109819700899,-0.000298675278856,-0.000501640662222,0.008758076142113,0.005218943277746,-0.000211381250154
Outdoors,0.017305536051749,-0.000640208664236,-0.000788491367611,-0.006519204481116,-0.00111268854265,-0.006925854198805,-0.000806507992802,0.013735614396353,-0.001208566922492,-0.000716625294365,1,0.000680344577764,0.003000385205113,0.007260960213967,-0.003664911419572,0.001030143567291,-0.00602079763549,-0.009676354164553,-0.003880342927585,-0.001772710867333,-0.002862667618092,4.72133873396033E-05,-0.000557658903491,0.012726356911887,-0.003569587230435,-0.000782755199657,0.000237863207724,-0.001097118825675,0.003261639927066,-0.001343184751865,0.000140875945351,0.000621456227302,-0.001590358974222,-0.001180864118089,0.005185102404446,0.008444986684972,-0.00123620354222,-0.001334067796288,-0.001204256696556,-0.006666740198238,-0.001329862774668,-0.004387309346841,-0.001389993831669,-0.002123016773429,-0.003306704606799,-0.001219009508541,-0.000987680288678,-0.007211443323155,0.001030143567291,-0.007149077207574,-0.003935182702157,-6.26821680258793E-05,0.000731400663864,0.065958807555482,0.000376786801273,-0.004211505494788,0.019205718755948,-0.006925854198805,-0.006963346867133,0.007234361752474,-0.003875893997418,0.003738354130208,-0.004302969835933,0.019675926193831,-0.001513067731806,-0.000559338635538,-0.001056097920577,-0.004383770255127,-0.00521674070675,-0.008554932461796,0.001655036417499,0.001924107117339,-0.000899343450677,0.002851802097003,-0.006801083954675,-0.001252134267255,-0.001813547798553,0.000452757445105,-0.008946235126866,0.008470181476344,-0.022232892348643,0.028877052528254,-0.001383125876795,-0.00189873007871,-0.000640081152228,0.009575005584648,-0.00162085989497,-0.01567645919692,-0.002849458208904,-0.000934531161245,0.002851802097003,0.008154958613048,0.000757815562562,-0.003138811127763,-0.003108613932146,-0.008554897173265,-0.003842684413976,-0.01451939869013,0.003485725108258,0.007234361752474,-0.000137371149148,-0.001098502463082,0.000433839250717,-0.001286180773641,0.000265453214591,-0.003935182702157,-0.002181991598484,0.00811129015081,-0.003187086240476,-0.01451939869013,0.001490116528795,0.004346558045907,-0.002688930107664,-0.001303837497448,0.000134982142699,-0.001104919929308,-0.011118888730928,-0.009067893072744,-0.009443214127463,-0.001078239795951,-0.002115860022661,-0.000989385761731,0.000976159919201,0.005185102404446,0.006085179524365,0.000312915598455,0.000610680850291,-0.000779727618011,0.001924107117339,-0.001638113264776,0.000542824524443,-0.003664911419572,-8.89024172448533E-05,-0.002896146702374,-0.00255099821263,0.000451563739691,-0.001018682222862,-0.007272468324029,-0.00025792575436,0.000523682331341,0.002501598305091,-0.002677566768808,0.007046894219931,-0.001086756366056,-1.68956891546197E-05,0.004346558045907,-0.005133639328442,-0.000394402585824,0.002513914047906,0.003940930624714
Dungeon,-0.000582991595994,-0.000430622704389,-0.000368916485689,0.000993905432555,-0.000407472548815,0.001210942983036,-6.03596870992487E-05,-0.000471652384909,-0.000175007343502,-0.00038947111314,0.000680344577764,1,0.001525628667217,0.003567110454519,-0.001302876114372,-0.00131226191505,-0.001963828886869,0.000803969691762,-0.000626962217387,-0.000244540398723,0.00045818653063,-0.000338006591335,-0.002057568604183,-0.000665806053128,0.003077265633768,-0.000430807794414,-0.00037513522888,-0.0004880275481,0.000273107000938,-0.00086922941713,0.000417846961197,-0.000467089780795,-0.000592062237243,-0.000678397926505,-0.003711449266995,0.000961100399461,-4.40726968310222E-05,-0.000365250323187,0.000168197439353,-0.001646959027825,0.000286239382807,-0.001601722286632,-0.000254276305037,-0.000886277542545,-0.001103536731275,-0.000418916779807,-0.000560215506442,-0.002468945809368,-0.00131226191505,-0.001300591595981,-0.001206065550131,-0.001252136836829,0.003921801683676,0.001658692733821,-0.000492895222282,0.001038046747469,0.007686691694133,0.001210942983036,-0.003072032108329,0.002444280205847,-0.001582214969847,-1.98259872679326E-05,-0.001393520400492,-0.00062764615756,0.00032513433253,-0.000305230456539,-0.00031403749516,-0.001298272035931,-0.002536965382754,-0.00383397904131,-0.001004560741082,-0.001353719027057,-0.000537463212941,-0.000723935672697,-0.003450332088107,-0.000210901750042,-0.000620096934427,0.006162769178835,0.000466056555676,-0.002415422202862,-0.000763563056077,-0.002493966309815,0.000247438893038,-0.000618878069204,0.000467693942889,-0.000138887545586,-6.4910990499174E-05,-0.001761280314618,-0.000758858828947,0.002729389819384,-0.000723935672697,-0.002390957587513,-0.000722236779057,1.21274449432036E-05,0.000967086699644,-0.003833967651049,-0.00174733747162,-0.000461349976691,-0.000429593723434,0.002444280205847,0.000104346683899,-0.000420952276088,-0.000367175481047,-0.000545188312533,0.002801904938504,-0.001206065550131,-0.000943658647278,0.002063819386727,-0.000792632816566,-0.000461349976691,-0.001861026430146,-0.000724818793361,-0.000314968012104,-0.000407957507272,4.16911658867609E-05,-0.000363261020689,-0.006959365288737,-0.001963132723937,-0.004089237754664,-0.000323214578032,-0.000450880488346,-0.000638490043548,-0.000221907323619,-0.003711449266995,0.002085871157999,-0.000767548271853,0.000865248873574,-0.000811245786761,-0.001353719027057,-0.000585904968007,-0.003065361428107,-0.001302876114372,-0.002812746876094,-0.000856683430515,-0.001260618049029,4.17251900488004E-05,0.000426716322998,-0.0022423535458,0.017115037791584,-0.00050398045979,0.000194439621344,-0.000834518039049,0.000132331883878,-0.000528508125524,-7.16891140972986E-06,-0.000724818793361,-0.000873169082685,-0.000100959998556,-0.002282012571965,0.002261866647755
Lighting,0.000139087383908,-0.000422418306537,-0.000382899502606,-0.001928529458379,5.99355398445264E-05,-0.006305210014107,0.000292702904927,-0.000495083214727,-0.00018552029738,0.001328252420506,0.003000385205113,0.001525628667217,1,0.003927499115024,0.000106989665869,-0.001118560822997,-0.001730880690687,-0.001841881232155,-0.000712736724464,-4.99687266107703E-05,-0.000355833284656,-0.000344237965169,-0.002642981185216,-0.00064023080218,-0.000455877617891,-0.000406014683929,-0.000403035207563,-0.00048418331719,0.002443589050202,-0.000735651026842,-0.000868368969236,-0.000430134410037,1.3356539259721E-05,-0.000598948068432,-0.002960388034808,0.001911440852516,0.000299589481526,-0.000366864407844,0.001419052843245,-0.002021464024443,0.002193398901289,0.000985526342043,-0.000184991700199,-0.000857425403454,-0.00082507349808,-0.000189672768934,-0.00069823693262,-0.00011367168223,-0.001118560822997,0.000147048936469,-0.000584887565264,-0.0011021327839,0.002816480714461,0.00346885709301,-0.000449206804823,0.0015153891111,0.007097824464554,-0.006305210014107,-0.0039606266352,0.003429479419584,-0.001458947125787,-0.000407470029673,0.000340815403701,-5.73506103222613E-06,0.002430758809406,-0.000419271002173,-0.000162964643579,0.000548979361502,-0.002557113749351,-0.003439321449184,-0.001101538023815,0.001540069298584,-0.000660358744538,-0.000518270977353,-0.003524872919692,-9.51454044709981E-05,-0.000248537124322,-0.000408763439358,0.003820635839727,0.001383580753646,0.001491134214326,-0.001709134466742,-0.000617452949228,-0.000115539520753,0.004403650492267,-0.000620849284066,0.001322091112278,-0.000657915573337,-0.000311217880497,3.69123898657877E-05,-0.000518270977353,0.001363947889612,-0.000699330936469,-0.000288834614734,-0.000347386714103,-0.003439309753378,1.65218367919303E-05,-0.002596460287264,-0.00040985164672,0.003429479419584,-8.08306677185653E-05,0.000410664481846,-0.000245975610028,0.000331075590257,-0.000308801574076,-0.000584887565264,-0.000757293773092,0.003012512698767,-0.000476025569715,-0.002596460287264,-0.00146285947046,-0.000432287903029,0.000776266086104,-0.000220924115278,0.000333730882565,-0.000117892020554,-0.008779237828917,-0.001716938851409,0.002800341122538,0.000385723717656,-0.000593471419218,0.000402712093156,-0.000287314105379,-0.002960388034808,0.008696804020048,0.000417007948151,0.000517472239091,-0.000688513677123,0.001540069298584,4.71412991629032E-05,-0.004071874704514,0.000106989665869,-0.002356131389694,-0.000396199911741,-0.000871983524752,-0.000362319535637,0.000934950737389,-0.004128172459106,0.00170651774486,0.000201520466107,-0.000298402663037,-0.00043900648582,0.000694471384553,-0.000314366234339,-0.000117656108807,-0.000432287903029,0.002403262542422,0.004338263619601,-0.002173472201478,0.001804182008449
